.\2016-09-21T15.28.01frame_s.jpg 1 97 90 111 188
.\2016-09-21T15.28.18frame_s.jpg 1 89 133 96 123
.\2016-09-21T15.28.54frame_s.jpg 1 122 104 73 109
.\2016-09-21T15.28.58frame_s.jpg 1 115 102 70 106
.\2016-09-21T15.30.25frame_s.jpg 1 152 172 62 79
.\2016-09-21T15.31.42frame_s.jpg 1 182 177 50 62
.\2016-09-21T15.32.25frame_s.jpg 1 218 146 34 62
.\2016-09-21T15.32.44frame_s.jpg 1 214 116 40 63
.\2016-09-21T15.33.14frame_s.jpg 1 147 153 79 132
.\2016-09-21T15.33.18frame_s.jpg 1 127 180 90 118
.\2016-09-21T15.33.50frame_s.jpg 1 118 122 55 86